1 2.489124228097271 2.061087162460516 5.0
2 2.5181294640731715 2.0556156947208732 5.078048018139928
3 2.55131163331699 2.0462249898202627 5.1557847038798155
4 2.5878066358788945 2.042580003317792 5.232977563246367
5 2.6268154328600106 2.034916414993657 5.309877732139375
6 2.672390064092274 2.010753245208214 5.386250126030142
7 2.7188907770460973 1.9995012256951166 5.461243785010007
8 2.7545302847675353 1.9484665265890748 5.535472579098916
9 2.802473923484559 1.9320473744748865 5.606949389735469
10 2.8441206238551735 1.872736121162605 5.677369432397863
11 2.869977974499082 1.884803833877236 5.744617250500483
12 2.909515926267499 1.8481185653533247 5.812178170440587
13 2.935087125438978 1.8369275651990045 5.877658214076307
14 2.9565774570788528 1.7725406818408933 5.942289441937733
15 2.9954898370362995 1.7542600144406375 6.003506558906926
16 2.9675240414705932 1.7644102035640892 6.0635391471819435
17 2.9963361208582646 1.7763452323737585 6.123734167054104
18 2.9640778588231864 1.7722374150898996 6.184151355903281
19 2.998114987159342 1.7827707652252502 6.244011735797079
20 2.9653926133001822 1.778974874761076 6.30398523251693
21 3.0029696150987726 1.774517792659221 6.3633831339942395
22 2.970021823680365 1.7702709306287576 6.422163379278762
23 3.006295383574564 1.7618739284409295 6.480325285167509
24 2.975625097612122 1.7539496378678558 6.537671247622797
25 3.0033119433545705 1.7703636356196255 6.594217943876347
26 2.99230300745378 1.7344237372575981 6.651045553251619
27 3.0072309672290256 1.769244189931177 6.705810767302869
28 2.9991366274510405 1.722350251593214 6.761641751434099
29 3.0003632527435107 1.7843520637346024 6.814940230977604
30 3.0091046030572772 1.712365450993267 6.8704347329233855
31 3.0004838939301903 1.7767489993555017 6.922332108283986
32 3.018929643800807 1.702303310561956 6.976464801084006
33 2.9895619662650215 1.7686151455621406 7.026944237883138
34 3.0153460913609607 1.7110474814155696 7.079676754107643
35 2.9858569070356005 1.7804203994090937 7.129500029010659
36 3.014589506673426 1.7133574115380565 7.181621143025869
37 2.987285165036726 1.7920890764526303 7.230478080575655
38 3.0291377672720197 1.6942312596998474 7.281926753388581
39 3.0026774749717142 1.7800222917745754 7.328942653231575
40 3.0390119601443706 1.6838614414027313 7.378758420769765
41 3.0015760984303164 1.7806472975350576 7.424295151559658
42 3.04864802326109 1.7034761884406497 7.47296936260042
43 3.0041677110230975 1.7814805035194616 7.518152144607909
44 3.046996449691027 1.6900160263595552 7.565664957818083
45 3.0105576580812285 1.778489608013364 7.609230787515939
46 3.052905355954751 1.6929957578738573 7.655436345951966
47 3.0143854463847783 1.7822687512016409 7.697990058546291
48 3.056264277783759 1.6787430137457293 7.743121102499929
49 3.0202375811748112 1.7682392619607483 7.7840522544112245
50 3.0656984012395214 1.66741208771058 7.827494998746661
51 3.027615598174493 1.75583946803987 7.866937141878054
52 3.0716641728682426 1.669384332172291 7.908781288652985
53 3.031398283556448 1.756676090047262 7.947199057573849
54 3.06838634836033 1.666238194370765 7.987898313529146
55 3.0445586342703077 1.7495459155426296 8.025125821737563
56 3.0869041721038655 1.644712124075752 8.06443374659069
57 3.0608571057796174 1.7383982086089782 8.099919422475871
58 3.094681086448645 1.6255632018414483 8.137746193948281
59 3.0685305998585743 1.720005757683107 8.171620299948891
60 3.1028404175427267 1.623945234340835 8.20779434613581
61 3.079776833668432 1.7057887814893808 8.240622838472301
62 3.1135498533463326 1.623529038511649 8.275313973925607
63 3.0911141486105684 1.7054636135643562 8.307149062136597
64 3.1175155446544167 1.6020176055767348 8.340783558397519
65 3.104040600578801 1.6891053435939567 8.371061398215542
66 3.1366468843457653 1.5926552772810454 8.403231124511624
67 3.110421610664724 1.672131229081049 8.432336045710425
68 3.141801454897105 1.5912693398706543 8.463076260864478
69 3.1205411703759096 1.6689899555199428 8.491250696688462
70 3.1536401791384234 1.5740425871788386 8.520959104101905
71 3.1382238585468287 1.6645720957384689 8.547826850386839
72 3.17132302702135 1.569001308312533 8.576500106875487
73 3.155781060617181 1.6418194619391875 8.602403169883125
74 3.1885320955211025 1.54777361275804 8.629633460180123
75 3.174803706514625 1.621040705153188 8.654226941045067
76 3.1847463650904513 1.5363386669797205 8.680126342820135
77 3.180681502554099 1.609245161667013 8.703691729585174
78 3.2133147550131054 1.5533638049739693 8.728517219003265
79 3.1976582508793903 1.6036891049539141 8.751714942313459
80 3.2179571484337055 1.5203280288595427 8.775630715099862
81 3.2241898215283404 1.587850723700824 8.797388381385643
82 3.2237697063807147 1.50892837044532 8.820217443933387
83 3.2440129606098442 1.5657399663374176 8.841053810160254
84 3.2167482601206174 1.5673139825784241 8.862715438336444
85 3.264583397287701 1.540587812898566 8.884054509548367
86 3.240507673472802 1.5473533772670127 8.904521355202984
87 3.296073378992934 1.5068981176616407 8.92478811897527
88 3.25760505561162 1.5055372002243577 8.943960404255643
89 3.3185163651583545 1.47048021369139 8.962805251694107
90 3.276191516633976 1.4693517781270506 8.980710475790044
91 3.3497764205844978 1.478145931036404 8.99832080196594
92 3.306342090048095 1.4668666525204266 9.015816297540173
93 3.3670474440934863 1.4636033206400796 9.03284199365951
94 3.337038410953308 1.4315125381842917 9.049548069592209
95 3.367874899124372 1.425690202929735 9.06545180288808
96 3.3489911401024743 1.4019862326957666 9.081019269580814
97 3.3796045533765264 1.4818441833854603 9.09596350260756
98 3.3890987235754033 1.377605404227932 9.111981722596912
99 3.395477566807511 1.4404016610770607 9.126082067699024
100 3.410642340910077 1.3519226018796517 9.140966368348952
101 3.4287812364998267 1.3994662431319524 9.154251582128246
102 3.433923129947851 1.3555338357494149 9.168075583473206
103 3.4505724475943373 1.3976243594803273 9.181033416710356
104 3.449114273078567 1.36558875326188 9.194430897992177
105 3.4837320532113987 1.3745802655775772 9.207160544264779
106 3.4730969653191686 1.3300819325185695 9.219835468657836
107 3.500030120398635 1.3418928038043079 9.231693662105947
108 3.48681075372219 1.3233698579444189 9.24355159298906
109 3.5290272528909803 1.311753166354074 9.254985880025247
110 3.5171857653444287 1.2881993445555382 9.26610306899272
111 3.5604574293095883 1.2663891017605724 9.276751323969968
112 3.5539423619304062 1.2672787617553323 9.286968168529441
113 3.5756630118325448 1.2583728389157203 9.297063251401974
114 3.569452752550552 1.2368873773188798 9.30691118644371
115 3.601497024970702 1.223027208532629 9.316357662420273
116 3.589330211904402 1.2332391070733064 9.3255103768659
117 3.638429066999776 1.229174127119581 9.3346761608664
118 3.62223221277128 1.1985169629919 9.34367629953471
119 3.648416068442216 1.1792891152687133 9.352191764262846
120 3.6433326516419897 1.1826157109787307 9.360374104747672
121 3.665133996637618 1.1760866879498846 9.368499437557437
122 3.6831526684483094 1.145030898628351 9.37645208559349
123 3.70008555527202 1.1717077941602825 9.38395219865457
124 3.71378053005152 1.1093933565456333 9.391672847977068
125 3.7345940124004535 1.1436235489618927 9.398598874540891
126 3.7270883426608705 1.0925612568996228 9.40583375288944
127 3.7496325962549957 1.108408716719822 9.41242248300748
128 3.74041182461999 1.0847930613331631 9.419116104290131
129 3.779720878495168 1.0781941500287175 9.425482415748258
130 3.781195932180593 1.0599664016394992 9.43171242827253
131 3.7970951312205234 1.073136021768414 9.437685476066527
132 3.8124957747889097 1.0343039290074678 9.443737828408418
133 3.832199968760349 1.0462409807986908 9.449324849147743
134 3.842819498469577 1.0224188488650026 9.454982033447589
135 3.85244939952703 1.026186893745876 9.460341228860822
136 3.861703030413278 0.9999692918877661 9.465688821153922
137 3.882053454730595 0.9939284729431884 9.470723609515497
138 3.890557143082041 0.967589356445478 9.475653558386895
139 3.9042617333810066 0.981678579970012 9.480280616968038
140 3.9189797119573675 0.9621752187473358 9.485006725194204
141 3.9309858965541475 0.9615396673832768 9.489503240040728
142 3.934983147922379 0.9489246582995139 9.493956482647402
143 3.9485893212271836 0.9456220516618788 9.498252705943226
144 3.9652767553549055 0.9186664276524951 9.50248314011353
145 3.970324525507106 0.9122018637516539 9.506426861901057
146 3.9826404694363124 0.9097913797312183 9.51028072123505
147 3.9991553241323823 0.8816082246024899 9.514083740267953
148 4.001822247504394 0.8971584658245744 9.517599995183778
149 4.016128684188669 0.8607958666344869 9.521233875846299
150 4.026841180566247 0.8766802581382065 9.52451250083359
151 4.035880793885793 0.8541304520149697 9.527912703888887
152 4.04969735042896 0.8556398723630875 9.53108826893721
153 4.06017094501555 0.8223872974362486 9.534256922659107
154 4.063468558747444 0.8121188896634427 9.537111697341377
155 4.081221944784471 0.817276443131765 9.539859676481107
156 4.089470344499046 0.7975985753532515 9.54263714625892
157 4.094870899705829 0.806714625931798 9.54522784085098
158 4.101641453791416 0.7930857263811018 9.547883266147041
159 4.118346952476456 0.7880782748896111 9.55040689153011
160 4.125572054813315 0.7719028010167388 9.552874315078903
161 4.1287730689246755 0.7664156840663374 9.55519134883222
162 4.14418720989604 0.7462340041686895 9.557450516961154
163 4.146799505653246 0.7611193580419078 9.55952881297968
164 4.159582387406599 0.7430516950058113 9.561722573290856
165 4.169770651462518 0.7407600813885113 9.563755169307209
166 4.174692643107215 0.7303071481522165 9.565759729265341
167 4.181699789401292 0.7399925727896185 9.567669027742356
168 4.18671527553237 0.7186909482865588 9.569650091019142
169 4.201611867284527 0.7172827322797405 9.571447764185786
170 4.202385183343913 0.6985835342264588 9.573226756269111
171 4.21458892135708 0.7073499936357802 9.574846476782401
172 4.2151867954324524 0.6921793303944471 9.57653142998888
173 4.227827722095256 0.6989550689698701 9.578087403835125
174 4.229930440960495 0.6842049942367169 9.579692478719494
175 4.239307856016337 0.6823572448067765 9.581173350677844
176 4.24111709763018 0.6661619947409995 9.582634452625761
177 4.252647918897221 0.6771577733729521 9.583961547338903
178 4.2523192105828365 0.6600669946067638 9.585372016174796
179 4.26488739483813 0.6627197336791456 9.58664247896829
180 4.2656884329819444 0.6484789554025062 9.587930178198373
181 4.272714035387832 0.6580408132112219 9.589101831075483
182 4.275530328281067 0.6433843796475269 9.590345433401966
183 4.283230437761737 0.6472110555157511 9.591470588197758
184 4.287287434614101 0.6283027813392854 9.592622692878631
185 4.292151452546374 0.6390918748745689 9.593624279495822
186 4.2996618379144715 0.6238272860843327 9.594707426286686
187 4.30229358551477 0.6320277472049347 9.595669376528406
188 4.307250392348357 0.6190501513391038 9.596692622788245
189 4.310556740494398 0.6278743096972793 9.597613162289944
190 4.317514598451339 0.609081960024225 9.598599690960775
191 4.320608990278706 0.6174983609296499 9.599439407779984
192 4.32334107681605 0.6007895402251496 9.600342031083041
193 4.3272285701693365 0.6097841644885899 9.601114743599272
194 4.3297777781843605 0.5968198773701946 9.601954784899053
195 4.33529942199085 0.6031720463443144 9.602694219239304
196 4.339275063407694 0.58910298830951 9.603480717197678
197 4.34175046108594 0.6019842169440239 9.604158762944387
198 4.343488263731911 0.5853916988531845 9.604933466449456
199 4.348976159216402 0.5931244296431363 9.605581009626663
200 4.351835388237722 0.579965849473129 9.60628603148349
201 4.354183775289695 0.593225117571848 9.60689046838761
202 4.355769045746056 0.5749671314245933 9.607594004417319
203 4.360192959226181 0.5850574027156089 9.608158877866199
204 4.362298720057648 0.5685166909208178 9.608798836464644
205 4.365094958877548 0.5818862587182035 9.609313616092072
206 4.369374795490516 0.564731520515735 9.609927991544701
207 4.372374602251048 0.5756810956612084 9.61041300249901
208 4.372714926258472 0.560559074951585 9.610979321151675
209 4.375172200467165 0.5740633513859457 9.61143191331688
210 4.376275174114644 0.5575256365810526 9.611984743752034
211 4.379893766564146 0.5678996323634435 9.612413610993274
212 4.381224833035137 0.5539058559716011 9.612919233478168
213 4.384420904984375 0.5676005201036615 9.613320198837314
214 4.386472700762503 0.5512058060362933 9.61382246516718
215 4.388941360092375 0.5629839912403727 9.614202503241902
216 4.389669185327431 0.5488578651977493 9.61466946404877
217 4.392381262210626 0.5596306681034616 9.615031320602936
218 4.393073683036102 0.5439769036082118 9.615472521871748
219 4.394601338689823 0.5567742572547209 9.615797591475184
220 4.396902079136851 0.5415420694303708 9.616216866743391
221 4.398626619607335 0.5418066829027958 9.616523374660606
222 4.400623720732335 0.5389426444056287 9.61683159767484
223 4.401009888493202 0.5392989137463313 9.617118491351263
224 4.403262317433751 0.538198720509864 9.617407800591625
225 4.403943868030526 0.5298099175126156 9.61768880928805
226 4.40598377553291 0.5388700272889877 9.617907968102486
227 4.406295882004345 0.5280789570713526 9.618193554511842
228 4.4081716239819055 0.5368502626519511 9.618399729086743
229 4.409862035830412 0.525564412510831 9.618670146255518
230 4.410504898977131 0.5342684453536009 9.618857636682353
231 4.411950061310725 0.5241140197117067 9.619108823961799
232 4.412919086903799 0.5330138193166031 9.619285484119166
233 4.414076209593154 0.5219400829130775 9.619527216907281
234 4.414558460990966 0.5308355061751197 9.619687784373056
235 4.415634622722648 0.5209757740477149 9.619913342564544
236 4.417407283031249 0.5288255739792499 9.620066704509682
237 4.418007272465504 0.51966841089625 9.620277362398246
238 4.4182485079855205 0.5269906076789342 9.620421035154225
239 4.419634184048209 0.5180575515848429 9.620618109711218
240 4.420754774757262 0.5257923623394547 9.620749903809454
241 4.4213210791189645 0.5161607473349832 9.620938074607754
242 4.422681334841027 0.5242884380175584 9.621055931275848
243 4.422752687845111 0.5146624643414195 9.621232995145128
244 4.423967302460778 0.5238707046302349 9.621339846734344
245 4.42455385884483 0.5135605531588258 9.621513740728192
246 4.425673097268616 0.5223648453101924 9.621612492862878
247 4.425527166335143 0.5126441960227588 9.621775306497144
248 4.426444701216882 0.5214424657417287 9.621867325082281
249 4.426768260346608 0.5111291013351753 9.62202332422604
250 4.428145003675543 0.519915914720128 9.622104266765279
251 4.428185842816164 0.510044623752274 9.62224907469609
252 4.429294933239548 0.5191731670226967 9.622322088584628
253 4.429437850151242 0.5090542369493949 9.622461419776569
254 4.430370355019788 0.5180819796686204 9.622527199648118
255 4.430453496562587 0.5082698296046083 9.622658533954839
256 4.431260953840832 0.5176347199475454 9.622718585331171
257 4.431783609286179 0.5070142352960781 9.622846609202544
258 4.432310590185965 0.5167573794056115 9.62289751927891
259 4.4325122436690005 0.5066668112507132 9.623019119416043
260 4.433386298307946 0.5160936395839931 9.62306748674068
261 4.433330867721634 0.5057400005259631 9.62318422058219
262 4.434173732761557 0.5150216283870683 9.623225846782304
263 4.434183839556423 0.505273896317693 9.62333476197704
264 4.434901737356699 0.5147775746799695 9.623372993495682
265 4.434864446489115 0.5044069567281967 9.62348009919864
266 4.435726282539755 0.5141521115553083 9.623512034512151
267 4.435785078016654 0.5040623265147834 9.623614571156704
268 4.4364697238740565 0.5134901862203478 9.62364399907522
269 4.436225471057209 0.5031717316176436 9.623741707533723
270 4.437084608922915 0.5126403736206492 9.623764676621349
271 4.437091089239049 0.502679728840164 9.623856202458041
272 4.437708696245503 0.5127308021494226 9.623875602967459
273 4.437405874017618 0.5026780948959144 9.62396775738193
274 4.438299702685903 0.5118069897996359 9.623987140536794
275 4.438138377465407 0.5016660729265257 9.624072584129134
276 4.438926516233729 0.5115855712328554 9.62408463949049
277 4.438713926447599 0.5013110323025483 9.62416846002489
278 4.439487959421893 0.5110404930406045 9.624177944091679
279 4.439282446970592 0.500584021181707 9.62425780238653
280 4.439761045744632 0.5109183825199131 9.624262026285887
281 4.439640893968314 0.5005433284998292 9.624340984438568
282 4.440279219127219 0.5103170258659874 9.624344913196024
283 4.440133303398372 0.5000200774289669 9.624419507133643
284 4.440672156663585 0.5100642127477854 9.624419652284079
285 4.440507836712698 0.49980857711264864 9.624492404595435
286 4.441140621295267 0.5096390830709165 9.624491020962482
287 4.440942614250007 0.4991142694653812 9.6245606876408
288 4.441379527840715 0.509667850563668 9.624554286523757
289 4.441237902704479 0.49909122580072135 9.62462414978787
290 4.4417720586144025 0.509435418768631 9.624617583201198
291 4.441715870927545 0.49865019967647645 9.6246857559317
292 4.442115121319962 0.5090257342405646 9.624676004092986
293 4.44199921411367 0.4984154876879023 9.62474120726706
294 4.442439211163531 0.5088308334710488 9.624729761316095
295 4.442280146580159 0.49812208881659953 9.624793547833493
296 4.442763434887149 0.5084796914966709 9.624779984255214
297 4.442462820219316 0.49799530903090433 9.624841226739436
298 4.443042378064535 0.5081466446723887 9.624826749220713
299 4.442802481123565 0.4977799362129455 9.624885579490218
300 4.443219111111711 0.5080189383936393 9.624869548377182
301 4.44304330952658 0.49760592642342905 9.624927450146952
302 4.4434604865376 0.5078039774642765 9.62491016433325
303 4.443336038125269 0.49730464690649934 9.624966508198868
304 4.443733749998694 0.5076444987752073 9.624947048964504
305 4.443448564114303 0.49724061401739555 9.625002236276904
306 4.4439123448517295 0.5074566772468861 9.624982316566028
307 4.443737058857304 0.49709114821623124 9.625036143182417
308 4.444155442198592 0.5073034627830116 9.625015146289611
309 4.443917225449395 0.49693995654536144 9.625067862554488
310 4.4442791654299665 0.5071377921881486 9.625045776083375
311 4.444089995684266 0.4966903295105447 9.625097292575388
312 4.444493872613797 0.507124681402193 9.62507340611841
313 4.444228916144062 0.4966731118800856 9.62512482434888
314 4.4446711156462095 0.5068604793566474 9.625100815320094
315 4.4444018426500715 0.49641871202802706 9.625150323468896
316 4.44482476478842 0.5067913425581178 9.625124480150859
317 4.444545459669162 0.49634992884373574 9.625173486437205
318 4.44491599170095 0.5066849177158785 9.625147148312855
319 4.444660852501514 0.4962353909976435 9.625195383882376
320 4.445050957894079 0.5065457760927694 9.625168220774045
321 4.444869832531747 0.4960854083104447 9.625215449864879
322 4.445197492566079 0.5065008217184004 9.625187205987583
323 4.445004199685241 0.49596000128816464 9.625234108459855
324 4.445288571022189 0.5064154170868239 9.625204961128558
325 4.445112930866659 0.4958483146875107 9.625251245348313
326 4.445416678384695 0.5062789518653391 9.62522129351837
327 4.445192740419564 0.49581357188184755 9.62526659136571
328 4.445516968829668 0.5061869152810856 9.62523639006694
329 4.445293225791736 0.4957698248001084 9.62528102225064
330 4.445630993297072 0.5061389326227448 9.625250506473261
331 4.445400329801498 0.49562898534638655 9.625294790928255
332 4.445710957215306 0.5060389085597317 9.625263260230962
333 4.445483317087121 0.4956214568263527 9.625306821757244
334 4.445822811086197 0.5059716079937845 9.625275237724745
335 4.445567800656783 0.49554057711665633 9.625318312483568
336 4.445902899162947 0.5058931132842952 9.62528614596015
337 4.445650599936499 0.4954684456332225 9.625328653357876
338 4.445967677090906 0.5058308907753456 9.625295967383828
339 4.445718546794812 0.4953796297983733 9.625338024931423
340 4.446029194558449 0.5057781533953087 9.625304699105005
341 4.445785701117321 0.4953532174264254 9.625346375350857
342 4.446118754507477 0.5057527840604209 9.625312859726897
343 4.44583723332859 0.49528800284659347 9.625354352131874
344 4.44618466799211 0.5056834680120609 9.625320366812783
345 4.44590952690419 0.49521318629442734 9.62536135850729
346 4.446236569026408 0.5056228153876264 9.62532683416981
347 4.445965688552346 0.49517413930285237 9.625367387760663
348 4.446308044116433 0.5055749978398385 9.625332582327061
349 4.446023380024813 0.4951246817043793 9.625372790466988
350 4.446334532662741 0.5055656214127043 9.625337628802844
351 4.4460686131039235 0.495085736385185 9.625377768801734
352 4.4463855731911135 0.5055411034227678 9.625342326696888
353 4.446130522574918 0.49501469554920263 9.625382289396258
354 4.446437155197884 0.5054724193257047 9.625346335331939
355 4.446162182095905 0.4950004005462449 9.625385802297604
356 4.446485695033974 0.5054575121717713 9.625349745457772
357 4.44621272902235 0.49496058292083417 9.625389104574497
358 4.446525905550457 0.505406722796018 9.625352760866624
359 4.446245214010917 0.49494067681194004 9.625391753411366
360 4.44656374810607 0.505394967689927 9.625355266384116
361 4.44628136658449 0.49491384122200843 9.625394173906798
362 4.446598978211625 0.5053324860245406 9.625357493564252
363 4.446315067420845 0.4948766510980655 9.62539595028308
364 4.446636421299182 0.5053208209470754 9.625359001888596
365 4.446339981509571 0.4948654170133201 9.625397374337112
366 4.446668320254244 0.5052844993352256 9.625360345056473
367 4.446377968888823 0.4948269515170644 9.625398455443976
368 4.446693677731267 0.5052682602922456 9.62536114885035
369 4.44640435084655 0.49480867299682657 9.625399142053613
370 4.446724485942526 0.5052376355541633 9.625361703699975
371 4.4464315031661705 0.49478045934180576 9.62539947600323
372 4.446757494686255 0.5052211356940918 9.625361834203266
373 4.446457688263567 0.494765402988662 9.625399487507476
374 4.4467825523913636 0.5051999867600414 9.625361737121354
375 4.446478816708023 0.4947384100898237 9.625399237922315
376 4.446800952711514 0.5051775711966298 9.625361292837505
377 4.44650521996412 0.4947247296196256 9.625398632034209
378 4.446822263800704 0.5051749128551658 9.625360588225796
379 4.446524058058903 0.49470553227356334 9.62539790831966
380 4.44684266432115 0.5051587393382481 9.625359725987556
381 4.446541863458461 0.49467683227175413 9.625396929530185
382 4.446861560627634 0.5051346014561069 9.625358540114487
383 4.446557503121753 0.4946704928681472 9.625395569701647
384 4.44687588110233 0.5051278979769529 9.625357134431336
385 4.446581351102361 0.4946490723039078 9.625394115810169
386 4.4468944552100425 0.5051039721056761 9.625355525907718
387 4.44659582949098 0.4946428422847824 9.62539233489797
388 4.4469169564489865 0.5050983391310674 9.62535369988702
389 4.446607187488114 0.4946260104169819 9.625390468427357
390 4.446930298934071 0.5050894612284329 9.6253517118359
391 4.4466182913557875 0.49461463812418155 9.625388416540195
392 4.446946513844916 0.5050801041304782 9.625349577724535
393 4.446633085155324 0.4946036648130033 9.62538621515009
394 4.446960376644266 0.5050708655726904 9.625347296972004
395 4.446647118984574 0.49458785714477743 9.625383867986692
396 4.446971177983836 0.5050594095528339 9.625344835563514
397 4.4466586564358215 0.4945867919323491 9.625381324191801
398 4.4469830427545025 0.5050533532112293 9.625342283831134
399 4.446670045986451 0.49457459303054113 9.625378729021493
400 4.446994466664555 0.5050404126977763 9.625339600416735
401 4.446679170681265 0.49456194387669145 9.62537595253365
402 4.447004310143331 0.5050323293214556 9.625336732417914
403 4.446689060839783 0.4945602329042605 9.625373026506189
404 4.4470150041726155 0.5050199606356643 9.625333793755527
405 4.4467003257509194 0.49454925099216573 9.625369998915621
406 4.447021126085121 0.505014733088798 9.625330686651756
407 4.446709286489536 0.4945498560242499 9.625366854399541
408 4.447029699898648 0.5050073660477585 9.625327546182456
409 4.446718905860647 0.49453810516737395 9.625363661090342
410 4.447037206441778 0.5050019558101256 9.62532426779525
411 4.446725276466569 0.49453324769307516 9.625360343987754
412 4.447045225869854 0.5049935924579249 9.62532091532139
413 4.446733751973649 0.4945234466606006 9.625356931506415
414 4.447050868991943 0.5049890099376002 9.625317431801255
415 4.446739243948454 0.4945232553448241 9.625353415257992
416 4.447058026693721 0.5049845517766595 9.625313913816582
417 4.446745591924576 0.4945144236796332 9.625349865444534
418 4.447063109572257 0.504981212779788 9.625310299940534
419 4.446751539105666 0.49450968333155815 9.625346227819753
420 4.447070125308823 0.5049731763130613 9.625306627754055
421 4.4467564137026905 0.49450534928459394 9.625342498009369
422 4.447076611852392 0.5049724649173404 9.625302866302668
423 4.446761970187711 0.49450211481146666 9.625338731773127
424 4.447080912310508 0.5049666329028745 9.625299076352581
425 4.446767582127766 0.4944974034349169 9.62533490010797
426 4.4470862684682455 0.5049634881644057 9.625295210313142
427 4.446771580874047 0.4944939801858446 9.62533101174194
428 4.447089128527906 0.5049605500728367 9.625291296858103
429 4.446775423834449 0.49448955137082345 9.625327077454688
430 4.447094821509442 0.5049563707664695 9.62528733022309
431 4.446779663640061 0.4944872805801305 9.625323081039316
432 4.447098262608275 0.5049523200827818 9.625283317019894
433 4.446784076828642 0.49448273843285384 9.625319038987145
434 4.447101882827676 0.5049517679606269 9.62527924179029
435 4.446787181307479 0.4944810297437483 9.6253149601485
436 4.44710588705131 0.5049476071725778 9.625275150209369
437 4.446790463606893 0.4944769206240436 9.625310838930645
438 4.447108497009534 0.504944922217347 9.625270998928578
439 4.44679295013862 0.4944747546284432 9.625306668663045
440 4.447111720868813 0.5049426979838587 9.625266812609738
441 4.446796753896037 0.4944725822307595 9.625302466683435
442 4.447115280131082 0.5049409340774864 9.625262594529127
443 4.446799091088851 0.4944700714516929 9.625298236265063
444 4.44711750004591 0.5049388986538419 9.625258345565431
445 4.446801670336197 0.4944675794405949 9.625293973007615
446 4.447120153621473 0.5049371923364692 9.625254063894298
447 4.446803861710855 0.4944656922086272 9.625289679419371
448 4.447122066059397 0.5049360421592062 9.625249756251819
449 4.446806425094261 0.49446290089796197 9.625285363873575
450 4.447123997559996 0.5049341432921115 9.625245420127028
451 4.446808801233703 0.4944614623758607 9.625281014447173
452 4.447126561087971 0.504932509588111 9.625241059877123
453 4.446810201380457 0.494459946449825 9.625276642810345
454 4.447128072638624 0.5049308492473004 9.625236676855858
455 4.44681262731534 0.4944582728510653 9.625272248211816
456 4.447130541304957 0.5049294121746924 9.625232269732777
457 4.4468140990245315 0.4944571338792007 9.625267831124006
458 4.447131785996372 0.5049283696554596 9.62522784397493
459 4.446815697990695 0.49445599363874626 9.625263398249167
460 4.447133615318375 0.5049271273222949 9.62522340241907
461 4.446817098726286 0.4944544046151538 9.625258948136123
462 4.447135015043941 0.5049258694988363 9.625218940385246
463 4.446818194726177 0.4944536589992362 9.625254477435032
464 4.447136091158179 0.5049251053751779 9.625214463845985
465 4.446819715803396 0.4944521824535495 9.625249995791233
466 4.447137766345889 0.5049236519268284 9.62520997108921
467 4.446820800160449 0.49445160845921055 9.625245492958335
468 4.4471386968360616 0.5049229912049158 9.62520546365278
469 4.446822166076993 0.49445036085742045 9.625240981165836
470 4.44714019709574 0.5049218591122528 9.625200942395635
471 4.446823061274229 0.4944496281134727 9.625236452153125
472 4.447141094738924 0.5049211716473287 9.625196407631059
473 4.446824106264348 0.4944487949773336 9.625231912841771
474 4.447142156358249 0.5049203552797088 9.625191861842312
475 4.446825050807831 0.49444802206938926 9.62522736157716
476 4.447143162154493 0.5049195445263077 9.625187304533503
477 4.446825992364262 0.49444728663582055 9.625222798833903
478 4.44714404534819 0.5049189067376412 9.625182736015129
479 4.446826790075299 0.49444656365317313 9.625218226129853
480 4.447144884905456 0.504918131263991 9.625178157624656
481 4.446827666084491 0.4944459419478677 9.625213642561127
482 4.4471457282315905 0.5049175278306295 9.625173569099037
483 4.446828372501256 0.4944454026009383 9.625209050099295
484 4.447146487127778 0.504916960143928 9.62516897227356
485 4.446829142890842 0.4944447801070199 9.625204449596168
486 4.447147203761076 0.5049163858875915 9.625164366805906
487 4.446829823695743 0.4944441619290617 9.625199840404154
488 4.447147934640768 0.5049157625261146 9.62515975267951
489 4.446830431632535 0.49444383379914963 9.625195222199784
490 4.44714858815924 0.5049153224809144 9.62515513163268
491 4.446831067155052 0.49444326835597346 9.62519059839817
492 4.447149176879858 0.5049148599528358 9.62515050327553
493 4.446831649980271 0.49444284944760036 9.625185967124606
494 4.447149775020908 0.5049143861360657 9.625145868502965
495 4.446832203524733 0.4944424048508075 9.62518132935468
496 4.447150323049402 0.5049140092535364 9.62514122704793
497 4.446832691018945 0.4944420435972146 9.625176685602234
498 4.447150852115275 0.5049135563996021 9.625136580211107
499 4.446833186826704 0.4944416620285865 9.625172035920247
500 4.447151342502576 0.5049132164481023 9.625131927297474
501 4.446833655068406 0.4944413013685472 9.62516738097659
502 4.447151817413084 0.5049128833686957 9.625127269272445
503 4.446834088224082 0.4944409467903107 9.625162720971531
504 4.447152233402606 0.5049126084038409 9.625122606229322
505 4.446834502463372 0.4944406320578892 9.62515805636812
506 4.447152651349935 0.5049123077599695 9.625117938874865
507 4.446834887552493 0.4944403443586392 9.625153387268423
508 4.447153059142458 0.5049119630684801 9.625113267218692
509 4.446835233380409 0.4944400807901541 9.625148713549498
510 4.447153413779607 0.5049116992391841 9.625108591116916
511 4.4468355831392925 0.494439852819681 9.625144035968823
512 4.4471537711803775 0.5049114567934669 9.62510391140985
513 4.446835896316088 0.494439582497236 9.625139354937446
514 4.447154171595518 0.5049111576904773 9.62509922794604
515 4.446836193893343 0.4944393191773048 9.625134669740772
516 4.447154465268223 0.504910925747163 9.625094540366993
517 4.446836481453278 0.4944391023362447 9.62512998091383
518 4.447154745229105 0.5049107258902095 9.625089849492701
519 4.446836754228669 0.49443890552301717 9.625125289023451
520 4.44715502164985 0.5049105771771755 9.625085155699164
521 4.446837020145772 0.494438742865637 9.625120594583137
522 4.447155273558529 0.5049103862610779 9.62508045960191
523 4.446837263291408 0.4944385642979709 9.625115897534728
524 4.447155509549493 0.5049102222191808 9.625075760781431
525 4.4468374921460585 0.4944384026394682 9.62511119795725
526 4.447155736369182 0.5049100768052615 9.625071059553637
527 4.4468377119592555 0.49443825693403504 9.62510649610708
528 4.447155948419061 0.5049099362537839 9.625066356168029
529 4.446837937995386 0.4944381223954082 9.625101792134355
530 4.4471561721758315 0.5049098088136836 9.625061650740221
531 4.446838126987983 0.49443799051997894 9.62509708621422
532 4.447156357306179 0.5049096866146515 9.625056943384001
533 4.44683830682746 0.49443787006552153 9.625092378403648
534 4.447156533124955 0.5049095756700345 9.625052234219563
535 4.446838477322407 0.49443775998878775 9.625087668866225
536 4.447156700118702 0.5049094744681791 9.625047523402978
537 4.446838639388017 0.4944376587891135 9.625082957747102
538 4.447156858593566 0.5049093815888266 9.625042811068589
539 4.4468387931038995 0.4944375655178369 9.625078245170357
540 4.447157009095945 0.5049092963614492 9.625038097333636
541 4.4468389379740945 0.49443748009607974 9.625073531248393
542 4.447157151125886 0.504909218393305 9.625033382309969
543 4.446839074375543 0.49443740211822035 9.625068816090206
544 4.447157284847587 0.5049091474103351 9.625028666103667
545 4.446839203095753 0.49443733084725017 9.625064099799893
546 4.447157411065655 0.504909083067442 9.625023948813526
547 4.446839324172496 0.49443726622447276 9.625059382473752
548 4.447157529637432 0.5049090250453881 9.625019230535427
549 4.446839438531299 0.49443720737340063 9.625054664205354
550 4.447157641511234 0.5049089725325088 9.625014511356625
551 4.446839546132469 0.4944371541388666 9.625049945076087
552 4.447157747061931 0.5049089252876658 9.625009791357398
553 4.446839648070778 0.49443710572696636 9.625045225164486
554 4.447157846982214 0.5049088827561525 9.625005070610563
555 4.446839743112434 0.49443706300342916 9.625040504539356
556 4.447157940181263 0.504908845701357 9.625000349191179
557 4.446839832326083 0.4944370251942005 9.625035783281264
558 4.447158027925382 0.5049088132168208 9.624995627174236
559 4.446839916804523 0.494436991578817 9.625031061458648
560 4.4471581107949065 0.5049087849107382 9.62499090462298
561 4.446839996755831 0.4944369619206225 9.625026339131919
562 4.447158189496196 0.5049087602898104 9.624986181596123
563 4.446840072702363 0.4944369358371846 9.625021616356232
564 4.447158264156748 0.5049087391531961 9.62498145814606
565 4.44684014385716 0.4944369137364825 9.625016893182522
566 4.447158334294664 0.5049087217700449 9.624976734326683
567 4.446840211434603 0.49443689482080655 9.625012169666624
568 4.447158400641683 0.5049087075294192 9.624972010188072
569 4.446840274978538 0.4944368791867484 9.625007445854198
570 4.447158462777374 0.5049086966685752 9.624967285776593
571 4.446840334397018 0.49443686697889244 9.62500272179333
572 4.447158521264519 0.50490868875183 9.624962561141377
573 4.446840390309836 0.4944368577011347 9.62499799752999
574 4.447158579870926 0.5049086820419557 9.62495783632482
575 4.446840446148687 0.49443684955799466 9.62499327309404
576 4.4471586345842615 0.5049086782719711 9.624953111343826
577 4.446840498267214 0.49443684434561413 9.624988548514887
578 4.44715868544039 0.5049086774598084 9.624948386240776
579 4.446840546611234 0.4944368420866298 9.62498382383504
580 4.447158732882905 0.5049086793119418 9.62494366105834
581 4.446840595153948 0.49443684024127443 9.624979099095048
582 4.447158780534774 0.5049086815934039 9.624938935818744
583 4.446840639184977 0.4944368415381305 9.624974374300999
584 4.447158823717414 0.5049086868860756 9.624934210547767
585 4.446840680228327 0.49443684521344505 9.624969649497316
586 4.447158862691047 0.5049086950327066 9.62492948528433
587 4.446840717293564 0.49443685171418933 9.624964924721771
588 4.447158899129001 0.504908705259985 9.624924760069437
589 4.446840751947586 0.4944368602405242 9.624960200009788
590 4.447158933193753 0.5049087174385566 9.62492003493274
591 4.4468407843561035 0.49443687066001546 9.624955475390088
592 4.447158965074504 0.5049087314235001 9.624915309902002
593 4.446840814673414 0.49443688284554266 9.624950750889376
594 4.447158995211728 0.5049087469514617 9.624910585003022
595 4.446840843259028 0.49443689658066103 9.624946026531553
596 4.447159023248456 0.5049087642230072 9.624905860258135
597 4.446840869893632 0.4944369119777093 9.624941302340401
598 4.447159049764444 0.5049087827807471 9.62490113569194
599 4.446840895170487 0.4944369285571763 9.624936578337213
600 4.447159074776188 0.5049088025275232 9.624896411322268
601 4.446840918721085 0.494436946486047 9.624931854539119
602 4.4471590982369555 0.5049088235262426 9.62489168716746
603 4.446840941416813 0.49443696520685887 9.624927130964906
604 4.4471591205333185 0.5049088454772152 9.624886963242282
605 4.446840962677415 0.494436985071942 9.624922407627185
606 4.447159140901609 0.5049088688902085 9.624882239561881
607 4.446840982087016 0.4944370063889057 9.62491768454478
608 4.447159161987671 0.5049088920866017 9.624877516147311
609 4.446841000106981 0.4944370289297352 9.624912961726618
610 4.447159179696359 0.5049089177333622 9.624872793005855
611 4.446841017183447 0.4944370522340473 9.624908239199245
612 4.447159196464709 0.5049089441318554 9.624868070160735
613 4.446841033374353 0.4944370762959678 9.62490351697361
614 4.447159212893431 0.5049089709211703 9.62486334762286
615 4.4468410490237975 0.49443710087711096 9.62489879505802
616 4.447159228124038 0.5049089987047152 9.624858625398813
617 4.446841064153966 0.4944371260227147 9.624894073463414
618 4.447159242527205 0.50490902726078 9.624853903499867
619 4.446841077558319 0.49443715254994225 9.624889352199462
620 4.447159258332032 0.5049090548408907 9.62484918194159
621 4.4468410946650705 0.49443717637824713 9.6248846312691
622 4.44715927518387 0.5049090817028727 9.624844460697453
623 4.44684110889355 0.4944372022671332 9.624879910647676
624 4.447159287073423 0.5049091121124621 9.62483973977717
625 4.446841120001553 0.4944372305268589 9.624875190375693
626 4.447159299792491 0.50490914185162 9.624835019223493
627 4.4468411323722945 0.494437257795101 9.624870470465446
628 4.447159310757042 0.5049091727802795 9.624830299024435
629 4.446841142691353 0.4944372865146483 9.624865750918383
630 4.447159321552147 0.5049092039852114 9.624825579199081
631 4.44684115289678 0.4944373154471287 9.624861031746988
632 4.447159323410347 0.5049092415736844 9.62482085975098
633 4.446841154525953 0.4944373507135915 9.624856312998917
634 4.447159325158463 0.5049092792518375 9.624816140771994
635 4.446841156059716 0.49443738606175053 9.624851594720575
636 4.447159327161852 0.5049093167656761 9.624811422263383
637 4.446841157856705 0.4944374212346216 9.624846876911377
638 4.447159329086627 0.5049093543423812 9.624806704222708
639 4.446841159779803 0.49443745632293584 9.624842159570537
640 4.447159331140807 0.5049093918333681 9.624801986649834
641 4.446841161645629 0.4944374914599561 9.624837442696844
642 4.447159333133357 0.5049094293733907 9.624797269544509
643 4.446841163458623 0.4944375266415108 9.624832726291014
644 4.447159335068881 0.5049094669584486 9.62479255290743
645 4.446841165222517 0.49443756186409415 9.624828010353722
646 4.447159336951229 0.5049095045852315 9.624787836739236
647 4.446841166940394 0.49443759712481483 9.624823294885578
648 4.447159338783373 0.504909542251043 9.62478312104052
649 4.44684116861457 0.49443763242135574 9.624818579887162
650 4.447159340567605 0.5049095799538634 9.624778405811847
651 4.446841170246757 0.49443766775201176 9.624813865359014
652 4.447159342305389 0.5049096176923631 9.624773691053743
653 4.446841171837924 0.4944377031157237 9.624809151301658
654 4.4471593439972 0.5049096554659862 9.624768976766727
655 4.446841173388111 0.49443773851217226 9.624804437715605
656 4.447159346117351 0.5049096929433133 9.624764262951306
657 4.446841175365715 0.49443777360517155 9.624799724598972
658 4.447159347796954 0.504909730729764 9.624759549603167
659 4.446841176911149 0.49443780900989287 9.624795011951818
660 4.447159349446879 0.5049097685391465 9.624754836726812
661 4.446841178430643 0.4944378444356059 9.624790299776576
662 4.447159351068465 0.5049098063704252 9.624750124322576
663 4.446841179925249 0.4944378798814066 9.624785588073575
664 4.447159352662697 0.504909844222839 9.624745412390782
665 4.446841181395695 0.49443791534665144 9.624780876843133
666 4.44715935423016 0.504909882095929 9.624740700931744
667 4.446841182842335 0.49443795083098435 9.624776166085558
668 4.447159356052281 0.5049099197778127 9.624735989945762
669 4.446841184543127 0.49443798612207746 9.624771455799625
670 4.44715935761986 0.5049099576540816 9.624731279430085
671 4.446841185994326 0.4944380216063617 9.624766745985356
672 4.447159359172138 0.5049099955426867 9.624726569387525
673 4.446841187432483 0.494438057101579 9.624762036644261
674 4.447159360710795 0.504910033442429 9.62472185981827
675 4.446841188859105 0.4944380926065865 9.624757327776516
676 4.447159362237522 0.5049100713520926 9.624717150722491
677 4.446841190275722 0.4944381281202172 9.624752619382285
678 4.447159363754071 0.504910109270425 9.624712442100341
679 4.446841191683936 0.49443816364126086 9.624747911461702
680 4.447159365262274 0.5049101471961155 9.624707733951952
681 4.446841193085446 0.49443819916844484 9.6247432040149
682 4.44715936676408 0.5049101851277787 9.624703026277444
683 4.44684119448206 0.4944382347004119 9.624738497041982
684 4.447159368261552 0.5049102230639386 9.624698319076911
685 4.4468411958757255 0.49443827023571496 9.624733790543038
686 4.447159369756898 0.5049102610030275 9.624693612350427
687 4.446841197268526 0.4944383057728052 9.624729084518126
688 4.447159371252433 0.5049102989433901 9.624688906098047
689 4.446841198662665 0.494438341310045 9.624724378967288
690 4.447159372750575 0.504910336883319 9.624684200319798
691 4.446841200060449 0.4944383768457387 9.624719673890546
692 4.447159374253732 0.5049103748211003 9.624679495015686
693 4.446841201464181 0.4944384123781835 9.624714969287885
694 4.44715937576422 0.5049104127551026 9.624674790185688
695 4.446841202876085 0.49443844790575503 9.624710265159273
696 4.447159377284102 0.5049104506838844 9.624670085829761
697 4.446841204298128 0.4944384834270179 9.624705561504662
698 4.447159378814999 0.5049104886063285 9.624665381947842
699 4.446841205731843 0.49443851894086055 9.624700858323973
700 4.447159380357898 0.5049105265217846 9.62466067853985
701 4.446841207178156 0.4944385544466429 9.624696155617125
702 4.447159381912973 0.5049105644301964 9.624655975605693
703 4.446841208637179 0.4944385899443194 9.62469145338402
704 4.447159383479469 0.5049106023321932 9.624651273145282
705 4.4468412101081025 0.49443862543453504 9.624686751624582
706 4.44715938505562 0.5049106402291161 9.624646571158532
707 4.4468412115891445 0.49443866091865507 9.624682050338734
708 4.447159386638746 0.5049106781229807 9.624641869645385
709 4.446841213077605 0.494438696398722 9.624677349526426
710 4.447159388225373 0.5049107160163564 9.624637168605807
711 4.446841214570012 0.49443873187734033 9.624672649187643
712 4.4471593898058615 0.5049107539161815 9.624632468039799
713 4.4468412160567885 0.49443876736154546 9.624667949322447
714 4.447159391371862 0.5049107918283381 9.62462776794747
715 4.446841217529646 0.49443880285732117 9.624663249930979
716 4.447159392617266 0.5049108299688745 9.624623068329011
717 4.446841218685345 0.49443883858408816 9.624658551014992
718 4.447159393854188 0.5049108681160259 9.624618369187758
719 4.44684121983337 0.49443887431667405 9.624653852576227
720 4.4471593954139665 0.5049109060352389 9.624613670523823
721 4.4468412213018595 0.49443890981702526 9.62464915461309
722 4.44715939665405 0.5049109441824878 9.624608972333895
723 4.446841222453952 0.4944389455480342 9.624644457125575
724 4.447159397886897 0.504910982335602 9.624604274621312
725 4.446841223599503 0.49443898128413316 9.624639760115407
726 4.4471593991122855 0.504911020494816 9.624599577386165
727 4.446841224738267 0.4944390170255655 9.624635063582687
728 4.447159400667992 0.5049110584207402 9.624594880628564
729 4.446841226204751 0.4944390525294061 9.624630367525782
730 4.447159401899703 0.504911096578174 9.624590184345115
731 4.446841227350457 0.4944390882674243 9.624625671944674
732 4.447159403125296 0.5049111347408147 9.62458548853921
733 4.446841228490617 0.4944391240098992 9.624620976841104
734 4.447159404344613 0.504911172908833 9.624580793210933
735 4.446841229625051 0.49443915975700836 9.624616282215168
736 4.447159405894507 0.5049112108434127 9.624576098360379
737 4.446841231087383 0.4944391952664089 9.624611588065227
738 4.447159407122411 0.504911249008229 9.62457140398416
739 4.446841232230817 0.49443923100872217 9.624606894391249
740 4.447159408345409 0.5049112871774614 9.624566710085636
741 4.446841233369811 0.4944392667547203 9.624602201194962
742 4.447159409563421 0.5049113253512051 9.624562016664893
743 4.446841234504275 0.4944393025045054 9.62459750847645
744 4.447159410776344 0.5049113635295722 9.624557323722003
745 4.446841235634081 0.4944393382581944 9.624592816235788
746 4.4471594123208105 0.5049114014738244 9.62455263125705
747 4.44684123709266 0.49443937377352853 9.624588124471336
748 4.447159413544694 0.5049114396474514 9.624547939266638
749 4.446841238233628 0.4944394095209256 9.62458343318304
750 4.447159414764858 0.5049114778246967 9.624543247754117
751 4.44684123937125 0.49443944527123135 9.624578742372629
752 4.447159415981292 0.5049115160055951 9.624538556719557
753 4.4468412405054965 0.4944394810244877 9.624574052040169
754 4.447159417193975 0.5049115541901922 9.624533866163024
755 4.446841241636331 0.494439516780742 9.62456936218572
756 4.4471594184028564 0.5049115923785379 9.624529176084579
757 4.446841242763695 0.49443955254004984 9.624564672809354
758 4.447159419940778 0.5049116303346051 9.624524486484297
759 4.446841244217286 0.49443958806288896 9.624559983909432
760 4.447159421162583 0.5049116685168881 9.624519797358806
761 4.446841245357591 0.4944396238146267 9.6245552954859
762 4.447159422381892 0.5049117067019366 9.624515108711414
763 4.4468412464956755 0.49443965956844244 9.62455060754045
764 4.447159423598743 0.5049117448897367 9.624510420542173
765 4.446841247631572 0.4944396953243279 9.624545920073134
766 4.4471594248131865 0.5049117830802788 9.624505732851139
767 4.446841248765311 0.4944397310822741 9.624541233084006
768 4.447159426025251 0.5049118212735517 9.624501045638365
769 4.446841249896916 0.49443976684227436 9.62453654657312
770 4.4471594272349675 0.5049118594695471 9.624496358903903
771 4.4468412510264095 0.49443980260432346 9.624531860540532
772 4.44715942844236 0.5049118976682576 9.624491672647807
773 4.446841252153797 0.49443983836841726 9.624527174986289
774 4.447159429647446 0.5049119358696806 9.624486986870128
775 4.446841253279092 0.49443987413455615 9.624522489910447
776 4.447159430850234 0.5049119740738146 9.624482301570923
777 4.446841254402295 0.49443990990274156 9.62451780531306
778 4.447159432381521 0.5049120120460495 9.62447761675024
779 4.446841255851109 0.4944399454348838 9.624513121192482
780 4.447159433599828 0.5049120502423085 9.624472932404721
781 4.446841256989628 0.494439981193743 9.62450843754865
782 4.447159434817004 0.5049120884403563 9.624468248537637
783 4.4468412581271854 0.4944400169537335 9.62450375438323
784 4.4471594360331235 0.5049121266401481 9.62446356514903
785 4.446841259263853 0.49444005271481317 9.624499071696262
786 4.447159437248267 0.5049121648416374 9.624458882238942
787 4.446841260399698 0.4944400884769372 9.624494389487786
788 4.447159438462512 0.5049122030447784 9.624454199807406
789 4.446841261534793 0.4944401242400621 9.62448970775784
790 4.447159439675936 0.5049122412495224 9.624449517854464
791 4.446841262669204 0.4944401600041408 9.624485026506461
792 4.447159440888614 0.5049122794558207 9.624444836380151
793 4.446841263802997 0.4944401957691264 9.624480345733682
794 4.447159442100617 0.5049123176636228 9.624440155384503
795 4.446841264936243 0.49444023153497096 9.624475665439546
796 4.447159443312023 0.5049123558728783 9.624435474867559
797 4.446841266069008 0.49444026730162594 9.624470985624082
798 4.447159444522907 0.5049123940835364 9.62443079482935
799 4.446841267201362 0.4944403030690418 9.624466306287331
800 4.447159445733342 0.5049124322955445 9.624426115269912
801 4.446841268333369 0.49444033883716815 9.624461627429321
802 4.447159446943402 0.5049124705088505 9.624421436189278
803 4.4468412694651 0.4944403746059549 9.624456949050089
804 4.4471594481531564 0.5049125087233997 9.624416757587483
805 4.446841270596619 0.4944404103753496 9.624452271149664
806 4.447159449362687 0.5049125469391402 9.624412079464555
807 4.446841271727998 0.49444044614530097 9.62444759372808
808 4.4471594505720615 0.5049125851560171 9.624407401820529
809 4.446841272859303 0.494440481915756 9.624442916785366
810 4.447159451781355 0.5049126233739757 9.624402724655432
811 4.446841273990604 0.4944405176866625 9.624438240321556
812 4.44715945299064 0.5049126615929609 9.624398047969295
813 4.44684127512197 0.49444055345796695 9.624433564336673
814 4.447159454199991 0.5049126998129182 9.62439337176215
815 4.446841276253465 0.49444058922961504 9.624428888830751
816 4.447159455409486 0.5049127380337924 9.62438869603402
817 4.446841277385164 0.49444062500155384 9.624424213803817
818 4.447159456619192 0.5049127762555266 9.624384020784936
819 4.44684127851713 0.4944406607737283 9.624419539255895
820 4.4471594578291835 0.5049128144780664 9.624379346014923
821 4.446841279649439 0.4944406965460851 9.624414865187013
822 4.447159459039539 0.5049128527013564 9.624374671724006
823 4.446841280782154 0.4944407323185696 9.624410191597196
824 4.447159460250325 0.5049128909253405 9.624369997912211
825 4.4468412819153444 0.4944407680911283 9.62440551848647
826 4.447159461461616 0.5049129291499641 9.624365324579564
827 4.446841283049084 0.4944408038637073 9.624400845854854
828 4.447159462673488 0.5049129673751734 9.624360651726086
829 4.446841284183432 0.49444083963625335 9.624396173702376
830 4.447159463886003 0.5049130056009136 9.6243559793518
831 4.446841285318463 0.49444087540871384 9.624391502029056
832 4.447159465099237 0.5049130438271322 9.624351307456724
833 4.446841286454235 0.4944409111810363 9.624386830834917
834 4.447159466313253 0.5049130820537759 9.624346636040887
835 4.4468412875908205 0.49444094695317053 9.624382160119977
836 4.447159467528125 0.5049131202807959 9.624341965104303
837 4.446841288728276 0.4944409827250664 9.62437748988426
838 4.447159468743912 0.5049131585081409 9.624337294646994
839 4.446841289866666 0.4944410184966751 9.624372820127778
840 4.447159469960677 0.5049131967357635 9.624332624668979
841 4.446841291006051 0.49444105426795054 9.62436815085056
842 4.447159471178484 0.5049132349636183 9.624327955170276
843 4.446841292146483 0.4944410900388469 9.624363482052612
844 4.447159472397386 0.5049132731916605 9.6243232861509
845 4.446841293288025 0.4944411258093217 9.62435881373396
846 4.447159473617442 0.5049133114198481 9.624318617610871
847 4.4468412944307225 0.49444116157933365 9.62435414589462
848 4.4471594748387036 0.5049133496481425 9.624313949550206
849 4.4468412955746235 0.49444119734884445 9.6243494785346
850 4.447159476061211 0.504913387876506 9.624309281968918
851 4.446841296719777 0.4944412331178188 9.624344811653925
852 4.447159477285013 0.5049134261049057 9.624304614867022
853 4.446841297866217 0.4944412688862227 9.624340145252607
854 4.447159478510148 0.504913464333311 9.624299948244534
855 4.446841299013986 0.4944413046540279 9.624335479330655
856 4.447159479736655 0.5049135025616949 9.624295282101471
857 4.446841300163113 0.4944413404212073 9.624330813888092
858 4.4471594809645545 0.5049135407900327 9.624290616437841
859 4.446841301313627 0.49444137618773876 9.624326148924926
860 4.447159482193874 0.5049135790183055 9.624285951253661
861 4.4468413024655495 0.4944414119536029 9.62432148444117
862 4.4471594834246355 0.5049136172464966 9.624281286548943
863 4.446841303618899 0.4944414477187847 9.62431682043684
864 4.4471594846568525 0.5049136554745941 9.624276622323704
865 4.446841304773687 0.4944414834832727 9.624312156911948
866 4.447159485890537 0.50491369370259 9.62427195857795
867 4.446841305929922 0.49444151924706015 9.624307493866507
868 4.447159487125684 0.5049137319304794 9.6242672953117
869 4.4468413070876025 0.49444155501014314 9.624302831300527
870 4.447159488362293 0.5049137701582627 9.624262632524962
871 4.446841308246724 0.4944415907725232 9.624298169214025
872 4.4471594896003594 0.5049138083859437 9.624257970217752
873 4.446841309407277 0.49444162653420465 9.624293507607012
874 4.447159490839862 0.5049138466135301 9.624253308390081
875 4.446841310569245 0.4944416622951965 9.624288846479498
876 4.447159492080791 0.5049138848410358 9.624248647041963
877 4.446841311732611 0.49444169805551336 9.624284185831499
878 4.447159493323109 0.504913923068474 9.62424398617341
879 4.446841312897346 0.4944417338151703 9.624279525663027
880 4.447159494566792 0.5049139612958659 9.624239325784435
881 4.446841314063418 0.49444176957418934 9.624274865974098
882 4.447159495811802 0.504913999523234 9.624234665875054
883 4.446841315230792 0.4944418053325939 9.624270206764722
884 4.4471594970581 0.5049140377506053 9.624230006445277
885 4.446841316399428 0.494441841090412 9.624265548034915
886 4.447159498305644 0.5049140759780094 9.624225347495122
887 4.446841317569278 0.4944418768476743 9.624260889784694
888 4.447159499554378 0.5049141142054785 9.6242206890246
889 4.446841318740294 0.4944419126044145 9.62425623201407
890 4.447159500804253 0.5049141524330477 9.62421603103373
891 4.44684131991242 0.49444194836066874 9.624251574723054
892 4.447159502055211 0.504914190660755 9.624211373522527
893 4.446841321085604 0.49444198411647616 9.624246917911675
894 4.4471595033071925 0.5049142288886399 9.624206716491004
895 4.446841322259784 0.49444201987187725 9.624242261579939
896 4.447159504560137 0.5049142671167443 9.624202059939183
897 4.446841323434898 0.49444205562691573 9.624237605727867
898 4.447159505813976 0.5049143053451111 9.624197403867077
899 4.4468413246108796 0.4944420913816349 9.624232950355475
900 4.447159507068645 0.504914343573785 9.624192748274707
901 4.446841325580681 0.4944421272907303 9.624228295462785
902 4.447159508111337 0.5049143819572568 9.624188093163209
903 4.446841326755046 0.49444216304636296 9.624223641052046
904 4.447159509364366 0.5049144201878936 9.624183438532611
905 4.44684132793038 0.4944421988016739 9.624218987121068
906 4.447159510618318 0.5049144584188396 9.624178784381826
907 4.446841328899591 0.4944422347113831 9.624214333669865
908 4.447159511660379 0.5049144968046023 9.624174130711987
909 4.446841330073478 0.4944422704675982 9.624209680700691
910 4.447159512912868 0.5049145350375089 9.624169477523127
911 4.446841331248394 0.49444230622349145 9.624205028211353
912 4.447159514166354 0.5049145732707304 9.624164824814153
913 4.446841332217228 0.4944423421338164 9.624200376201868
914 4.447159515208011 0.5049146116587842 9.624160172586205
915 4.446841333390834 0.4944423778906024 9.62419572467449
916 4.447159516460174 0.5049146498939588 9.62415552083931
917 4.4468413345655184 0.4944424136470712 9.62419107362702
918 4.447159517713382 0.5049146881294568 9.624150869572379
919 4.446841335534119 0.4944424495580101 9.62418642305948
920 4.4471595187548045 0.5049147265197979 9.624146218786548
921 4.446841336707603 0.4944424853153558 9.624181772974122
922 4.447159520006808 0.5049147647572367 9.624141568481848
923 4.446841337882193 0.49444252107239145 9.624177123368753
924 4.4471595212598825 0.5049148029950089 9.624136918657188
925 4.446841338850684 0.4944425569839438 9.624172474243387
926 4.447159522301211 0.5049148413876334 9.624132269313705
927 4.446841340024163 0.4944425927418362 9.624167825600281
928 4.447159523553177 0.5049148796273293 9.624127620451427
929 4.4468413411987635 0.49444262849942894 9.624163177437238
930 4.447159524806232 0.5049149178673706 9.624122972069266
931 4.446841342167227 0.49444266441159135 9.624158529754272
932 4.447159525847564 0.5049149562622709 9.624118324168357
933 4.446841343340791 0.4944427001700178 9.624153882553648
934 4.447159527099595 0.5049149945042155 9.624113676748733
935 4.446841344308452 0.49444273608288186 9.624149235833158
936 4.447159528139954 0.5049150329010282 9.624109029810416
937 4.446841345481021 0.49444277184219143 9.624144589595064
938 4.447159529391 0.504915071144928 9.62410438335344
939 4.446841346654821 0.4944428076011699 9.624139943837163
940 4.447159530643243 0.5049151093891454 9.624099737376712
941 4.446841347622646 0.49444284351464407 9.624135298559475
942 4.447159531683828 0.5049151477882327 9.624095091881369
943 4.446841348795496 0.49444287927447694 9.624130653764256
944 4.447159532935142 0.5049151860343779 9.624090446867443
945 4.446841349969559 0.49444291503399307 9.62412600944931
946 4.447159534187639 0.504915224280856 9.62408580233384
947 4.446841350937573 0.49444295094806906 9.62412136561465
948 4.447159535228481 0.5049152626822039 9.6240811582817
949 4.44684135211073 0.49444298670840886 9.624116722262539
950 4.447159536480096 0.5049153009305792 9.62407651471105
951 4.44684135328509 0.4944430224684496 9.624112079390768
952 4.4471595377328725 0.5049153391793048 9.6240718716208
953 4.4468413542533085 0.4944430583831191 9.624107436999367
954 4.4471595387740015 0.5049153775829004 9.624067229012086
955 4.4468413554268045 0.49444309414395154 9.624102795090586
956 4.447159540025944 0.5049154158334913 9.62406258688494
957 4.446841356394368 0.494443130059289 9.624098153662224
958 4.44715954106628 0.5049154542389539 9.624057945239388
959 4.44684135756703 0.4944431658209516 9.624093512716541
960 4.447159542317418 0.5049154924914503 9.624053304075458
961 4.446841358740957 0.4944432015822904 9.624088872251338
962 4.447159543569789 0.5049155307442763 9.624048663392058
963 4.446841359708843 0.4944432374982093 9.624084232266627
964 4.4471595446105505 0.5049155691519727 9.62404402319033
965 4.446841360881965 0.4944432732603439 9.624079592764671
966 4.447159545862147 0.5049156074066691 9.624039383470297
967 4.446841362056316 0.4944433090221758 9.624074953743268
968 4.447159547114936 0.5049156456617154 9.624034744230872
969 4.446841363024512 0.49444334493866743 9.624070315202435
970 4.447159548156111 0.5049156840716307 9.624030105473192
971 4.446841364198086 0.49444338070125926 9.62406567714443
972 4.447159549408157 0.5049157223285117 9.624025467197283
973 4.446841365165702 0.49444341661839325 9.624061039567051
974 4.447159550448634 0.5049157607402609 9.624020829403175
975 4.446841366338527 0.49444345238177856 9.624056402472556
976 4.447159551699965 0.5049157989990116 9.624016192090895
977 4.446841367512626 0.49444348814484335 9.624051765858745
978 4.447159552952542 0.5049158372580975 9.624011555259353
979 4.446841368480637 0.4944435240625349 9.624047129725637
980 4.447159553993535 0.5049158756720481 9.624006918909686
981 4.446841369654004 0.49444355982635624 9.624042494075486
982 4.447159555245416 0.5049159139329661 9.624002283041921
983 4.446841370621472 0.49444359574468877 9.624037858906094
984 4.447159556285753 0.5049159523487473 9.623997647656088
985 4.446841371794129 0.4944436315092985 9.624033224219716
986 4.447159557536957 0.5049159906115297 9.623993012752212
987 4.446841372968088 0.49444366727357214 9.624028590014149
988 4.447159558789442 0.5049160288746346 9.623988378329203
989 4.4468413739360155 0.4944437031924476 9.624023956289417
990 4.447159559830366 0.5049160672925983 9.623983744388202
991 4.446841375109278 0.4944437389574716 9.62401932304777
992 4.447159561082188 0.5049161055575287 9.623979110929232
993 4.446841376283792 0.4944437747221871 9.624014690287012
994 4.447159562335234 0.5049161438228058 9.623974477951204
995 4.446841377252132 0.4944438106415975 9.62401005800716
996 4.447159563376708 0.5049161822429413 9.623969845455257
997 4.446841378425965 0.49444384640702493 9.624005426210475
998 4.447159564629109 0.5049162205100053 9.623965213441414
999 4.446841379393802 0.4944438823270365 9.624000794894748
1000 4.447159565669984 0.5049162589319245 9.62396058190971
